{"object":{"uuid":"B6BEBD25-292C-4ECC-9729-2C0233CBC257","objectType":"Scene","name":"Daft Punk - Copy","matrix":[1,0,0,0,0,1,0,0,0,0,1,0,0,0,0,1],"layers":1,"children":[{"uuid":"1455BDFC-DE73-43ED-B973-5AAD7B3528FE","objectType":"CombinedCamera","name":"Camera 2","matrix":[0.9956437391404288,-4.336808689942018e-19,-0.09323918012544846,0,0.0034241456945772737,0.999325434559426,0.03656434149381813,0,0.09317628419682839,-0.03672432222130508,0.9949721122828808,0,101.55702174699927,-37.48593058969324,1061.1142457766298,1],"layers":9,"children":[{"uuid":"E3F6D54D-4262-4F48-815D-87A431E15474","type":"DirectionalLight","name":"Default Directional Light","layers":1,"matrix":[1,0,0,0,0,1,0,0,0,0,1,0,850000,1300000,1000000,1],"color":16777215,"intensity":0.75,"shadow":{"camera":{"uuid":"A365B353-F1AA-4566-BF6A-A7B546E473F0","type":"OrthographicCamera","layers":1,"zoom":1,"left":-5,"right":5,"top":5,"bottom":-5,"near":0.5,"far":500}}}],"hiddenMatrix":[1,0,0,0,0,1,0,0,0,0,1,0,0,0,0,1],"interaction":{"uuid":"42C1B0F2-9782-4747-AAB4-1BC0E36A72F5","selectedState":1,"states":["B0978DE8-515A-4A35-AC3F-AA4BB84906A2","3C5E41F7-BA5F-4388-9A30-217261E9FA4B"],"events":[{"type":7,"ui":{"isCollapsed":false},"targets":[{"easing":4,"duration":8000,"delay":0,"cubicControls":[0.5,0.05,0.1,0.3],"springParameters":{"mass":1,"stiffness":80,"damping":10,"velocity":0},"repeat":true,"cycle":true,"rewind":true,"object":"1455BDFC-DE73-43ED-B973-5AAD7B3528FE","state":"3C5E41F7-BA5F-4388-9A30-217261E9FA4B"},{"easing":4,"duration":1000,"delay":0,"cubicControls":[0.5,0.05,0.1,0.3],"springParameters":{"mass":1,"stiffness":80,"damping":10,"velocity":0},"object":"1455BDFC-DE73-43ED-B973-5AAD7B3528FE"}]}]},"enableHelper":true,"cameraType":"PerspectiveCamera","targetOffset":1000.0000000000008,"isUpVectorFlipped":false,"angleOffsetFromUp":0,"left":-960,"right":960,"top":543.5,"bottom":-543.5,"zoomOrtho":1,"nearOrtho":50,"far":50000,"aspect":1.766329346826127,"fov":45,"focus":10,"filmGauge":35,"filmOffset":0,"zoomPersp":0.81,"nearPersp":50},{"uuid":"E218025C-EC82-41B7-B5DC-88915B190C8B","objectType":"EmptyObject","name":"Box","matrix":[1.000000000000003,-1.7141201246863643e-16,-4.3230466626531003e-32,0,1.714120124686359e-16,1,2.52202083179211e-16,0,0,-2.522020831792118e-16,1.000000000000003,0,241.0238507878138,2,262.8381259612968,1],"layers":1,"children":[{"uuid":"4A12A539-0E58-4D09-BFDA-A24F3620E55D","objectType":"EmptyObject","name":"Drone","matrix":[0.5971011702921738,-0.0041099768598437236,0.3457648052158146,0,-0.03259217229549441,0.6862107678138063,0.06444014619355806,0,-0.3442498260577335,-0.07209639537867282,0.5936279702243028,0,176.70188787579147,132.27783703258606,302.3598781436012,1],"layers":1,"children":[{"uuid":"982D7C74-DC6A-4CC2-9311-787C1FA27CAE","objectType":"EmptyObject","name":"Body","matrix":[-0.0436192141824292,0.0673099472823698,-0.9967781775053826,0,0.051597410649319476,-0.996244464582202,-0.0695318200797769,0,-0.9977149249000902,-0.05446409630357942,0.039982381687958195,0,0.0000014135596302367048,165.6510772705078,-11.813237190246582,1],"layers":1,"userData":{"transformData":{"eulerOrder":"ZYX","translation":[0.0000014135596302367048,165.6510772705078,-11.813237190246582],"rotation":[-60.10011653262473,85.39949925332056,122.94465724961556],"scale":[1,0.9999999999999998,0.9999999999999999],"parentMatrix":{"elements":[1,0,0,0,0,1,0,0,0,0,1,0,0,0,0,1]},"parentMatrixWorld":{"elements":[1,0,0,0,0,1,0,0,0,0,1,0,0,0,0,1]}}},"children":[{"uuid":"0862694A-21EB-4DB4-A79F-E90D8EDE3E15","objectType":"EmptyObject","name":"ArmL1","matrix":[0.0000010386454559752076,0.8666808606631925,0.4988629929740542,0,-7.337243061456006e-7,0.49886299297484915,-0.8666808606630464,0,-0.9999999999991914,5.341462345209712e-7,0.0000011540465938431053,0,0.0000038146972372032906,1.4055441617964277,59.16444015502932,1],"layers":1,"userData":{"transformData":{"eulerOrder":"ZYX","translation":[0.0000038146972372032906,1.4055441617963993,59.164440155029304],"rotation":[-89.99992370663504,-29.92480468750016,89.99993133573872],"scale":[1.0000000000000004,1.0000000000000004,1],"parentMatrix":{"elements":[-0.0436192141824292,0.0673099472823698,-0.9967781775053826,0,0.051597410649319476,-0.996244464582202,-0.0695318200797769,0,-0.9977149249000902,-0.05446409630357942,0.039982381687958195,0,0.0000014135596302367048,165.6510772705078,-11.813237190246582,1]},"parentMatrixWorld":{"elements":[-0.0436192141824292,0.0673099472823698,-0.9967781775053826,0,0.051597410649319476,-0.996244464582202,-0.0695318200797769,0,-0.9977149249000902,-0.05446409630357942,0.039982381687958195,0,0.0000014135596302367048,165.6510772705078,-11.813237190246582,1]}}},"children":[{"uuid":"2BC6B3A8-0189-4DFC-93FB-68BE88D5BB86","objectType":"EmptyObject","name":"ArmL2","matrix":[0.9068616530128576,0.42142845453859484,-3.8239850345331056e-17,0,-0.4214284545385946,0.906861653012857,7.395159008014269e-17,0,6.584355821327738e-17,-5.094850019018743e-17,1,0,52.545837402343786,0.000019879011261991764,0.00000762939453125,1],"layers":1,"userData":{"transformData":{"eulerOrder":"ZYX","translation":[52.54583740234378,0.00001987901124778091,0.000007629394534802714],"rotation":[3.975693351829396e-15,2.3854160110976364e-15,24.92480468749996],"scale":[1.0000000000000004,1,1],"parentMatrix":{"elements":[0.0000010386454559752076,0.8666808606631925,0.4988629929740542,0,-7.337243061456006e-7,0.49886299297484915,-0.8666808606630464,0,-0.9999999999991914,5.341462345209712e-7,0.0000011540465938431053,0,0.0000038146972372032906,1.4055441617964277,59.16444015502932,1]},"parentMatrixWorld":{"elements":[-0.4530046106058969,-0.890596062175504,-0.040317202374258135,0,0.8904405005195264,-0.4497865548634265,-0.06933808548428758,0,0.04361809033344583,-0.06731054227664962,0.9967781865059481,0,-58.95672127956346,161.02847417000848,-9.545435807793009,1]}}},"children":[{"uuid":"57A602F5-54D1-438D-BDEA-7006412D0B2B","objectType":"EmptyObject","name":"PinceR","matrix":[1,6.67217996620248e-16,-1.5265575473141202e-16,0,-6.672180372749108e-16,0.9999999999999646,-2.6631610879762624e-7,0,1.5265557704050603e-16,2.6631610879762624e-7,0.9999999999999646,0,54.84883117675782,-7.521539211273179,0.000041961669918322286,1],"layers":1,"userData":{"transformData":{"eulerOrder":"ZYX","translation":[54.84883117675781,-7.521539211273179,0.000041961669921875],"rotation":[-0.000015258789050848584,7.951386703658792e-15,3.853937742929621e-14],"scale":[1,1,0.9999999999999998],"parentMatrix":{"elements":[0.9068616530128576,0.42142845453859484,-3.8239850345331056e-17,0,-0.4214284545385946,0.906861653012857,7.395159008014269e-17,0,6.584355821327738e-17,-5.094850019018743e-17,1,0,52.545837402343786,0.000019879011261991764,0.00000762939453125,1]},"parentMatrixWorld":{"elements":[-0.03555554600399269,-0.9972002697995519,-0.06578316699628196,0,0.9984153771572345,-0.032571656545624335,-0.04588923453112439,0,0.043618090333445755,-0.06731054227664966,0.9967781865059481,0,-82.76020985711662,114.23134884091613,-11.663930741826704,1]}}},"hiddenMatrix":[1,0,0,0,0,1,0,0,0,0,1,0,0,0,0,1],"interaction":{"uuid":"EF04A45A-DC0C-481F-A49F-55B790D6D9E0"},"enableHelper":true}],"hiddenMatrix":[1,0,0,0,0,1,0,0,0,0,1,0,0,0,0,1],"interaction":{"uuid":"74956482-C35D-4EE6-9372-EB6E4EE88EAF"},"enableHelper":true}],"hiddenMatrix":[1,0,0,0,0,1,0,0,0,0,1,0,0,0,0,1],"interaction":{"uuid":"CEBF317F-8121-4DAB-93E2-03BE742FFDAF"},"enableHelper":true},{"uuid":"A7669D1E-F35F-4E97-B187-6671FB229A9B","objectType":"EmptyObject","name":"Flap2","matrix":[0.14052160746065467,0.959695492501125,-0.24338907023467327,0,0.8660243417414696,-1.5605796543916023e-7,0.5000018395078456,0,0.47984947363514685,-0.2810419215579778,-0.8311196790950577,0,23.30742263793948,26.925653457641715,-40.3696517944335,1],"layers":1,"userData":{"transformData":{"eulerOrder":"ZYX","translation":[23.30742263793948,26.925653457641715,-40.3696517944335],"rotation":[148.96887207031253,14.086652755737099,81.66976928710939],"scale":[1.0000000000000007,1,0.9999999999999998],"parentMatrix":{"elements":[-0.0436192141824292,0.0673099472823698,-0.9967781775053826,0,0.051597410649319476,-0.996244464582202,-0.0695318200797769,0,-0.9977149249000902,-0.05446409630357942,0.039982381687958195,0,0.0000014135596302367048,165.6510772705078,-11.813237190246582,1]},"parentMatrixWorld":{"elements":[-0.0436192141824292,0.0673099472823698,-0.9967781775053826,0,0.051597410649319476,-0.996244464582202,-0.0695318200797769,0,-0.9977149249000902,-0.05446409630357942,0.039982381687958195,0,0.0000014135596302367048,165.6510772705078,-11.813237190246582,1]}}},"hiddenMatrix":[1,0,0,0,0,1,0,0,0,0,1,0,0,0,0,1],"interaction":{"uuid":"35F31570-BA75-4136-BA0D-669B9165D264"},"enableHelper":true},{"uuid":"F3E24717-91FF-4E77-AC1B-19D6CF28D0C9","objectType":"EmptyObject","name":"Flap1","matrix":[0.10948908558189606,0.9757298978099735,0.18963993951217223,0,-0.48786588983063583,0.21897754798089986,-0.8450063354910632,0,-0.866024834331096,1.1314629139169696e-7,0.500000986320812,0,23.307422637939446,26.92564201354969,40.36962127685557,1],"layers":1,"userData":{"transformData":{"eulerOrder":"ZYX","translation":[23.307422637939446,26.925642013549663,40.36962127685557],"rotation":[-59.38665771484374,-10.931772232055906,83.59748077392575],"scale":[1.0000000000000004,1.0000000000000007,1.0000000000000002],"parentMatrix":{"elements":[-0.0436192141824292,0.0673099472823698,-0.9967781775053826,0,0.051597410649319476,-0.996244464582202,-0.0695318200797769,0,-0.9977149249000902,-0.05446409630357942,0.039982381687958195,0,0.0000014135596302367048,165.6510772705078,-11.813237190246582,1]},"parentMatrixWorld":{"elements":[-0.0436192141824292,0.0673099472823698,-0.9967781775053826,0,0.051597410649319476,-0.996244464582202,-0.0695318200797769,0,-0.9977149249000902,-0.05446409630357942,0.039982381687958195,0,0.0000014135596302367048,165.6510772705078,-11.813237190246582,1]}}},"hiddenMatrix":[1,0,0,0,0,1,0,0,0,0,1,0,0,0,0,1],"interaction":{"uuid":"2489968D-4806-4460-97A4-6B86831D7324"},"enableHelper":true},{"uuid":"E1BD4BC7-41D8-431F-A034-B7A82A4658A2","objectType":"EmptyObject","name":"ArmR1","matrix":[1.207615161202825e-7,0.9068616530128508,-0.4214284545385922,0,-4.555787441740121e-7,-0.4214284545385011,-0.9068616530127858,0,-0.9999999999998893,3.015078341439549e-7,3.622545540205026e-7,0,-0.000003814697244308718,1.4055517911912716,-59.16442871093748,1],"layers":1,"userData":{"transformData":{"eulerOrder":"ZYX","translation":[-0.000003814697244308718,1.4055517911912432,-59.16442871093748],"rotation":[-89.99997711265334,24.924804687499794,89.99999237025276],"scale":[1.0000000000000002,0.9999999999999998,1.0000000000000004],"parentMatrix":{"elements":[-0.0436192141824292,0.0673099472823698,-0.9967781775053826,0,0.051597410649319476,-0.996244464582202,-0.0695318200797769,0,-0.9977149249000902,-0.05446409630357942,0.039982381687958195,0,0.0000014135596302367048,165.6510772705078,-11.813237190246582,1]},"parentMatrixWorld":{"elements":[-0.0436192141824292,0.0673099472823698,-0.9967781775053826,0,0.051597410649319476,-0.996244464582202,-0.0695318200797769,0,-0.9977149249000902,-0.05446409630357942,0.039982381687958195,0,0.0000014135596302367048,165.6510772705078,-11.813237190246582,1]}}},"children":[{"uuid":"A926AD22-A1BB-452F-B72F-3FF102D53C5F","objectType":"EmptyObject","name":"ArmR2","matrix":[0.9401407486721338,-0.3407864033176801,3.8738667944227194e-17,0,0.34078640331767995,0.9401407486721334,2.3792787916641652e-17,0,-4.4528058902659565e-17,-9.166958126917686e-18,0.9999999999999997,0,52.54582595825194,-0.000013977289199829102,0.000004429395634275579,1],"layers":1,"userData":{"transformData":{"eulerOrder":"ZYX","translation":[52.54582595825194,-0.000013977289199829102,0.000004429395634275579],"rotation":[1.9878466759146976e-15,-7.951386703658788e-16,-19.92479324340823],"scale":[1.0000000000000004,1.0000000000000002,0.9999999999999996],"parentMatrix":{"elements":[1.207615161202825e-7,0.9068616530128508,-0.4214284545385922,0,-4.555787441740121e-7,-0.4214284545385011,-0.9068616530127858,0,-0.9999999999998893,3.015078341439549e-7,3.622545540205026e-7,0,-0.000003814697244308718,1.4055517911912716,-59.16442871093748,1]},"parentMatrixWorld":{"elements":[0.46725716671583484,-0.8805031738944085,-0.0799055749905109,0,0.8830448088742788,0.4692371347901442,-0.006955347160510078,0,0.04361886831267274,-0.06731026738774007,0.9967781710246836,0,59.101757961002434,167.4731409651416,-14.276498733168228,1]}}},"children":[{"uuid":"3E0B5A40-3AB8-44B4-B680-39CF474E6F58","objectType":"EmptyObject","name":"PinceL","matrix":[0.9999999999998859,4.527653790951619e-16,4.768371635877337e-7,0,2.2692091516786733e-13,0.9999999999998863,-4.768371635217603e-7,0,-4.768371635876797e-7,4.768371635218141e-7,0.9999999999997723,0,54.84884643554685,7.521467685699477,0.0000038146972620722863,1],"layers":1,"userData":{"transformData":{"eulerOrder":"ZYX","translation":[54.84884643554686,7.521467685699477,0.0000038146972620722863],"rotation":[-0.000027320756984593264,-0.000027320756987770718,2.390385627787697e-14],"scale":[0.9999999999999996,0.9999999999999999,0.9999999999999997],"parentMatrix":{"elements":[0.9401407486721338,-0.3407864033176801,3.8738667944227194e-17,0,0.34078640331767995,0.9401407486721334,2.3792787916641652e-17,0,-4.4528058902659565e-17,-9.166958126917686e-18,0.9999999999999997,0,52.54582595825194,-0.000013977289199829102,0.000004429395634275579,1]},"parentMatrixWorld":{"elements":[0.1383578381540313,-0.9877065485815059,-0.07275219935200014,0,0.9894212969956043,0.14108544146509577,-0.033769738792803886,0,0.0436188683126727,-0.06731026738774,0.9967781710246832,0,83.65415957163115,121.20636757719063,-18.475198657371884,1]}}},"hiddenMatrix":[1,0,0,0,0,1,0,0,0,0,1,0,0,0,0,1],"interaction":{"uuid":"DF0D8678-5E2D-468F-99A2-1A9A674F80A1"},"enableHelper":true}],"hiddenMatrix":[1,0,0,0,0,1,0,0,0,0,1,0,0,0,0,1],"interaction":{"uuid":"57D6CA85-F3E2-4AA3-9A75-A3CBFEC2F117"},"enableHelper":true}],"hiddenMatrix":[1,0,0,0,0,1,0,0,0,0,1,0,0,0,0,1],"interaction":{"uuid":"0896DE0E-935C-43E6-B408-1DB250A730FC"},"enableHelper":true},{"uuid":"C6018841-869A-47E7-8D6C-058081152DA6","objectType":"EmptyObject","name":"Fire","matrix":[5.8277425121321746e-8,6.2698917644031054e-18,-0.7983155846595368,0,4.0527846909590556e-7,-0.7764723300932255,2.957942654940277e-14,0,-0.7983154654501761,-4.16679458048929e-7,-5.8277416153096024e-8,0,1.438518330558022,139.9581710559109,8.625540582486641,1],"layers":1,"userData":{"transformData":{"eulerOrder":"ZYX","translation":[0.000005572998354352876,65.09909057617196,-0.0000039318901858820254],"rotation":[179.99997009456112,89.99999581738042,0],"scale":[0.7983155846595767,0.7764723300933833,0.7983154654502869],"parentMatrix":{"elements":[-0.0436192141824292,0.0673099472823698,-0.9967781775053826,0,0.051597410649319476,-0.996244464582202,-0.0695318200797769,0,-0.9977149249000902,-0.05446409630357942,0.039982381687958195,0,0.0000014135596302367048,165.6510772705078,-11.813237190246582,1]},"parentMatrixWorld":{"elements":[-0.0436192141824292,0.0673099472823698,-0.9967781775053826,0,0.051597410649319476,-0.996244464582202,-0.0695318200797769,0,-0.9977149249000902,-0.05446409630357942,0.039982381687958195,0,0.0000014135596302367048,165.6510772705078,-11.813237190246582,1]}}},"children":[{"uuid":"E737877F-E851-41C3-A4FA-47AEB5144236","objectType":"NonParametric","name":"Cone1","matrix":[2.6614329040221894e-7,-5.258811756706364e-9,1.0000001493260078,0,-1.8960332616977767e-7,0.9999999999999807,5.258861433074499e-9,0,-0.9999998506739275,-1.8960329925667166e-7,2.6614320991878767e-7,0,-0.0000024688292992181005,-33.50916725829461,-12.293408784775217,1],"layers":1,"userData":{"transformData":{"eulerOrder":"ZYX","translation":[-0.0000024688292992181005,-33.509167258294596,-12.293408784775213],"rotation":[0.00001085929113192965,-89.9999847511151,0],"scale":[1.0000000000000007,0.9999999999999999,1.000000000000001],"parentMatrix":{"elements":[5.8277423614600336e-8,6.25201473741196e-18,-0.7983155846595748,0,4.052784690959178e-7,-0.7764723300932775,2.957944315627032e-14,0,-0.7983154654501761,-4.166794580489137e-7,-5.8277414735002887e-8,0,0.000005572998350800162,65.09909057617199,-0.000003931890182329312,1]},"parentMatrixWorld":{"elements":[0.7964913710531838,0.04347954080619769,-0.03191861650296872,0,-0.04006397935161465,0.7735562880359428,0.05398913038023829,0,0.034821929917282245,-0.05373415360552155,0.795743461368199,0,3.358949602731329,100.79646922392615,-16.339701155795545,1]}}},"hiddenMatrix":[1,0,0,0,0,1,0,0,0,0,1,0,0,0,0,1],"interaction":{"uuid":"910C07D1-62C1-4756-86E9-9B641ABF1CBF"},"geometry":"110CB9A7-15DC-4445-9ADB-EE6FDADE2447","material":"4405C60A-D957-4781-A789-711803EFAE18"},{"uuid":"9F61B056-1498-4DCE-BD5B-1C673EC11836","objectType":"NonParametric","name":"Cone2","matrix":[1.4254606905698454e-7,-2.8143956661960136e-9,0.5347615086867967,0,-1.897507069527475e-7,0.9999999999999802,5.262949312347863e-9,0,-0.5347613489791838,-1.0147134477001961e-7,1.425460259509795e-7,0,6.369730307653754e-7,-72.5192662851158,-6.574039040594187,1],"layers":1,"userData":{"transformData":{"eulerOrder":"ZYX","translation":[6.369730325417322e-7,-72.51926628511578,-6.574039040594183],"rotation":[0.000010867732180679018,-89.99998472723273,0],"scale":[0.5347614288330079,0.9999999999999993,0.5347614288330085],"parentMatrix":{"elements":[5.8277423614600336e-8,6.25201473741196e-18,-0.7983155846595748,0,4.052784690959178e-7,-0.7764723300932775,2.957944315627032e-14,0,-0.7983154654501761,-4.166794580489137e-7,-5.8277414735002887e-8,0,0.000005572998350800162,65.09909057617199,-0.000003931890182329312,1]},"parentMatrixWorld":{"elements":[0.7964913710531838,0.04347954080619769,-0.03191861650296872,0,-0.04006397935161465,0.7735562880359428,0.05398913038023829,0,0.034821929917282245,-0.05373415360552155,0.795743461368199,0,3.358949602731329,100.79646922392615,-16.339701155795545,1]}}},"hiddenMatrix":[1,0,0,0,0,1,0,0,0,0,1,0,0,0,0,1],"interaction":{"uuid":"A941E885-6F67-4104-B9C9-CC7C2D63F2EF"},"geometry":"FA11B5D5-A4BF-4540-B015-5C0D1A52CF40","material":"D7FCBDC6-98E5-4AE4-A6E4-2051652EDC87"},{"uuid":"60214536-CEE6-47FF-81D0-DC88AE7C0720","objectType":"NonParametric","name":"Cone3","matrix":[1.1976720206740644e-7,-2.3627999276532506e-9,0.44860620044956157,0,-1.8989785878220516e-7,0.9999999999999805,5.267030791862779e-9,0,-0.44860606647240636,-8.51893320906366e-8,1.1976716585044231e-7,0,0.0000012121216403926383,-79.74335714335422,-5.514896441098344,1],"layers":1,"userData":{"transformData":{"eulerOrder":"ZYX","translation":[0.000001212121642168995,-79.74335714335417,-5.51489644109834],"rotation":[0.000010876160116561429,-89.99998470338763,0],"scale":[0.4486061334609988,0.9999999999999997,0.4486061334609989],"parentMatrix":{"elements":[5.8277423614600336e-8,6.25201473741196e-18,-0.7983155846595748,0,4.052784690959178e-7,-0.7764723300932775,2.957944315627032e-14,0,-0.7983154654501761,-4.166794580489137e-7,-5.8277414735002887e-8,0,0.000005572998350800162,65.09909057617199,-0.000003931890182329312,1]},"parentMatrixWorld":{"elements":[0.7964913710531838,0.04347954080619769,-0.03191861650296872,0,-0.04006397935161465,0.7735562880359428,0.05398913038023829,0,0.034821929917282245,-0.05373415360552155,0.795743461368199,0,3.358949602731329,100.79646922392615,-16.339701155795545,1]}}},"hiddenMatrix":[1,0,0,0,0,1,0,0,0,0,1,0,0,0,0,1],"interaction":{"uuid":"1DC70026-3580-4B1D-A3C7-0FA94B4EDF91"},"geometry":"EA98BC38-4AB3-46DD-8D7F-6362057A63BD","material":"B0B21F43-495C-40B0-9A7A-6FBE3322D717"},{"uuid":"EBB74816-136F-402B-8751-51F9B5844D89","objectType":"NonParametric","name":"Cone4","matrix":[2.6614329040221894e-7,-5.258811723313038e-9,1.0000001493260078,0,-1.896033249064654e-7,0.9999999999999809,5.258861399680835e-9,0,-0.9999998506739273,-1.8960329799335948e-7,2.661432099187876e-7,0,-0.0000024688292992181005,-33.50916725829461,-12.293408784775217,1],"layers":1,"userData":{"transformData":{"eulerOrder":"ZYX","translation":[-0.0000024688292992181005,-33.509167258294596,-12.293408784775213],"rotation":[0.00001085929105962173,-89.9999847511151,0],"scale":[1.0000000000000007,1,1.0000000000000009],"parentMatrix":{"elements":[5.8277423614600336e-8,6.25201473741196e-18,-0.7983155846595748,0,4.052784690959178e-7,-0.7764723300932775,2.957944315627032e-14,0,-0.7983154654501761,-4.166794580489137e-7,-5.8277414735002887e-8,0,0.000005572998350800162,65.09909057617199,-0.000003931890182329312,1]},"parentMatrixWorld":{"elements":[0.7964913710531838,0.04347954080619769,-0.03191861650296872,0,-0.04006397935161465,0.7735562880359428,0.05398913038023829,0,0.034821929917282245,-0.05373415360552155,0.795743461368199,0,3.358949602731329,100.79646922392615,-16.339701155795545,1]}}},"hiddenMatrix":[1,0,0,0,0,1,0,0,0,0,1,0,0,0,0,1],"interaction":{"uuid":"E99D1085-D6FB-49E7-B3A6-F9582E2840A8"},"geometry":"7EE3AC60-FAAA-48A0-BF81-D61FCC6C03D9","material":"68FC81EF-E0DC-4138-AE66-C980209E37A8"},{"uuid":"14273121-38CA-4E07-A3E0-2F173068BD08","objectType":"NonParametric","name":"ConeBleu","matrix":[2.786588702899447e-7,-5.501774415169172e-9,1.0453886162629868,0,-1.8975070722935295e-7,0.9999999999999803,5.262949304493459e-9,0,-1.0453883040555487,-1.983631714904053e-7,2.786587860233581e-7,0,-0.000002771829940684256,-33.50916710969592,-12.851387402167084,1],"layers":1,"userData":{"transformData":{"eulerOrder":"ZYX","translation":[-0.000002771829940684256,-33.509167109695895,-12.851387402167074],"rotation":[0.000010867732196313906,-89.99998472723271,0],"scale":[1.0453884601593022,0.9999999999999994,1.045388460159303],"parentMatrix":{"elements":[5.8277423614600336e-8,6.25201473741196e-18,-0.7983155846595748,0,4.052784690959178e-7,-0.7764723300932775,2.957944315627032e-14,0,-0.7983154654501761,-4.166794580489137e-7,-5.8277414735002887e-8,0,0.000005572998350800162,65.09909057617199,-0.000003931890182329312,1]},"parentMatrixWorld":{"elements":[0.7964913710531838,0.04347954080619769,-0.03191861650296872,0,-0.04006397935161465,0.7735562880359428,0.05398913038023829,0,0.034821929917282245,-0.05373415360552155,0.795743461368199,0,3.358949602731329,100.79646922392615,-16.339701155795545,1]}}},"hiddenMatrix":[1,0,0,0,0,1,0,0,0,0,1,0,0,0,0,1],"interaction":{"uuid":"ACD8F049-2514-4D53-8C54-EF7C110B47B4"},"geometry":"60D85AF6-6739-439C-AD68-E57DB197F939","material":"13AB9B91-7346-4CE1-A30C-A54149644385"}],"hiddenMatrix":[1,0,0,0,0,1,0,0,0,0,1,0,0,0,0,1],"interaction":{"uuid":"64403C14-6684-4A81-A384-50A46276A314"},"enableHelper":true},{"uuid":"4D551B9B-130D-4BA6-8F62-431AE37600CD","objectType":"EmptyObject","name":"FireBis","matrix":[-0.15176526132644694,-1.2458178180363413e-7,0.41697114747890096,0,7.223965369681681e-7,-0.7764723300930473,3.09383344341246e-8,0,0.41697095144358476,3.939789245360854e-7,0.15176518997546248,0,0.00000951436778251491,61.384483337402415,-0.0000037917977628865174,1],"layers":1,"userData":{"transformData":{"eulerOrder":"ZYX","translation":[0.00000951436778251491,61.384483337402386,-0.000003791797766439231],"rotation":[0.00000667484908369833,-69.99997875458062,-179.99995296677093],"scale":[0.4437314867973329,0.7764723300933838,0.4437312781810764],"parentMatrix":{"elements":[-0.0436192141824292,0.0673099472823698,-0.9967781775053826,0,0.051597410649319476,-0.996244464582202,-0.0695318200797769,0,-0.9977149249000902,-0.05446409630357942,0.039982381687958195,0,0.0000014135596302367048,165.6510772705078,-11.813237190246582,1]},"parentMatrixWorld":{"elements":[-0.0436192141824292,0.0673099472823698,-0.9967781775053826,0,0.051597410649319476,-0.996244464582202,-0.0695318200797769,0,-0.9977149249000902,-0.05446409630357942,0.039982381687958195,0,0.0000014135596302367048,165.6510772705078,-11.813237190246582,1]}}},"children":[{"uuid":"8B860A3E-82C6-4296-BC6F-9516D13A5EE9","objectType":"NonParametric","name":"ConeBleu001","matrix":[2.782227472262422e-7,-3.5124918666440643e-7,1.0453889516392745,0,6.61887617472056e-7,1.0000000000019915,3.359983879321503e-7,0,-1.0453879686789667,6.919292584389947e-7,2.7822271808941716e-7,0,-0.000002771829976211393,-33.50916710969592,-12.851387402167088,1],"layers":1,"userData":{"transformData":{"eulerOrder":"ZYX","translation":[-0.0000027718299833168203,-33.50916710969591,-12.851387402167099],"rotation":[-0.00003267366891386059,-89.99998475111508,0],"scale":[1.0453884601593022,1.0000000000019318,1.0453884601589514],"parentMatrix":{"elements":[-0.15176526132644694,-1.2458178180363413e-7,0.41697114747890096,0,7.223965369681681e-7,-0.7764723300930473,3.09383344341246e-8,0,0.41697095144358476,3.939789245360854e-7,0.15176518997546248,0,0.00000951436778251491,61.384483337402415,-0.0000037917977628865174,1]},"parentMatrixWorld":{"elements":[-0.4093984620812628,-0.03292514435737259,0.16794780882736926,0,-0.04006402405165219,0.773556307695887,0.053988815520839645,0,-0.16960632002939313,0.019800146338269924,-0.409559638694149,0,3.1672851759398655,104.49712638131068,-16.081421676672193,1]}}},"hiddenMatrix":[1,0,0,0,0,1,0,0,0,0,1,0,0,0,0,1],"interaction":{"uuid":"4719205C-5DD5-4A1B-9D58-AE6893C6FD3A"},"geometry":"8BC29201-E5BB-4FCB-B306-8BB00E7306FC","material":"2BDABB6E-A12B-40EC-BB77-EE3F612C3CE2"},{"uuid":"EE5A9ED7-4A3A-4ADD-A768-24199677110F","objectType":"NonParametric","name":"Cone005","matrix":[2.661429294750824e-7,-3.359987220573979e-7,1.0000004701409964,0,6.618876174906197e-7,1.0000000000019915,3.359983879347045e-7,0,-0.9999995298586563,6.618872168848708e-7,2.661429016033141e-7,0,-0.0000024688293294161667,-33.509167258294625,-12.29340878477522,1],"layers":1,"userData":{"transformData":{"eulerOrder":"ZYX","translation":[-0.0000024688293294161667,-33.50916725829461,-12.293408784775234],"rotation":[-0.000032673668914186015,-89.99998475111508,0],"scale":[1.0000000000000002,1.0000000000019318,0.9999999999996646],"parentMatrix":{"elements":[-0.15176526132644694,-1.2458178180363413e-7,0.41697114747890096,0,7.223965369681681e-7,-0.7764723300930473,3.09383344341246e-8,0,0.41697095144358476,3.939789245360854e-7,0.15176518997546248,0,0.00000951436778251491,61.384483337402415,-0.0000037917977628865174,1]},"parentMatrixWorld":{"elements":[-0.4093984620812628,-0.03292514435737259,0.16794780882736926,0,-0.04006402405165219,0.773556307695887,0.053988815520839645,0,-0.16960632002939313,0.019800146338269924,-0.409559638694149,0,3.1672851759398655,104.49712638131068,-16.081421676672193,1]}}},"hiddenMatrix":[1,0,0,0,0,1,0,0,0,0,1,0,0,0,0,1],"interaction":{"uuid":"5B5AE03B-041B-45B6-B8AC-73F1D6720D2C"},"geometry":"55543766-2722-4B89-BC83-BE11CD8C14FF","material":"E26EBE8D-9756-42FB-B14E-B20E9F602EA5"},{"uuid":"B6FA5451-32B6-4A64-B4B5-0B8FC1730E0B","objectType":"NonParametric","name":"Cone006","matrix":[1.1920606688834321e-7,-1.5055578891506786e-7,0.44860634436913327,0,6.611178489136745e-7,1.0000000000019889,3.3560762569645843e-7,0,-0.44860592255270887,2.965813425208809e-7,1.192060543119702e-7,0,0.0000012121215462457258,-79.74335714335419,-5.514896441098394,1],"layers":1,"userData":{"transformData":{"eulerOrder":"ZYX","translation":[0.0000012121215391402984,-79.74335714335419,-5.514896441098401],"rotation":[-0.00003263566977561848,-89.9999847750349,0],"scale":[0.4486061334609987,1.0000000000019291,0.4486061334608485],"parentMatrix":{"elements":[-0.15176526132644694,-1.2458178180363413e-7,0.41697114747890096,0,7.223965369681681e-7,-0.7764723300930473,3.09383344341246e-8,0,0.41697095144358476,3.939789245360854e-7,0.15176518997546248,0,0.00000951436778251491,61.384483337402415,-0.0000037917977628865174,1]},"parentMatrixWorld":{"elements":[-0.4093984620812628,-0.03292514435737259,0.16794780882736926,0,-0.04006402405165219,0.773556307695887,0.053988815520839645,0,-0.16960632002939313,0.019800146338269924,-0.409559638694149,0,3.1672851759398655,104.49712638131068,-16.081421676672193,1]}}},"hiddenMatrix":[1,0,0,0,0,1,0,0,0,0,1,0,0,0,0,1],"interaction":{"uuid":"83C1DF45-9DE3-4580-BFF9-0F3AB3AF3F60"},"geometry":"97DC7EA5-71B2-4862-86BB-2F2457D5EDEA","material":"CEACC7B7-9D8C-4A1A-84F9-9F6F60B21B45"},{"uuid":"326653FD-8FFD-4E89-8B1F-D2B2D64DB8A0","objectType":"NonParametric","name":"Cone007","matrix":[1.4232297323989752e-7,-1.7967915660820315e-7,0.5347616802462788,0,6.618876172129341e-7,1.0000000000019917,3.3599838777524004e-7,0,-0.5347611774195511,3.539517536791609e-7,1.4232295833515085e-7,0,6.36972934842106e-7,-72.5192662851158,-6.574039040594236,1],"layers":1,"userData":{"transformData":{"eulerOrder":"ZYX","translation":[6.36972934842106e-7,-72.51926628511579,-6.574039040594251],"rotation":[-0.000032673668901183693,-89.99998475111508,0],"scale":[0.5347614288330078,1.0000000000019318,0.5347614288328284],"parentMatrix":{"elements":[-0.15176526132644694,-1.2458178180363413e-7,0.41697114747890096,0,7.223965369681681e-7,-0.7764723300930473,3.09383344341246e-8,0,0.41697095144358476,3.939789245360854e-7,0.15176518997546248,0,0.00000951436778251491,61.384483337402415,-0.0000037917977628865174,1]},"parentMatrixWorld":{"elements":[-0.4093984620812628,-0.03292514435737259,0.16794780882736926,0,-0.04006402405165219,0.773556307695887,0.053988815520839645,0,-0.16960632002939313,0.019800146338269924,-0.409559638694149,0,3.1672851759398655,104.49712638131068,-16.081421676672193,1]}}},"hiddenMatrix":[1,0,0,0,0,1,0,0,0,0,1,0,0,0,0,1],"interaction":{"uuid":"BB142F9D-159F-4FB6-8E41-EEAC355E9A00"},"geometry":"3F0B7451-4D50-4D9C-93AA-DEC75170DE73","material":"AE801C5C-D94C-4C0D-9940-565CD85FBEBD"},{"uuid":"69BA4178-F11A-46C3-9825-9257749CD9AE","objectType":"NonParametric","name":"Cone008","matrix":[2.661429294750824e-7,-3.359987220573979e-7,1.0000004701409964,0,6.618876174906197e-7,1.0000000000019915,3.359983879347045e-7,0,-0.9999995298586563,6.618872168848708e-7,2.661429016033141e-7,0,-0.0000024688293294161667,-33.509167258294625,-12.29340878477522,1],"layers":1,"userData":{"transformData":{"eulerOrder":"ZYX","translation":[-0.0000024688293294161667,-33.50916725829461,-12.293408784775234],"rotation":[-0.000032673668914186015,-89.99998475111508,0],"scale":[1.0000000000000002,1.0000000000019318,0.9999999999996646],"parentMatrix":{"elements":[-0.15176526132644694,-1.2458178180363413e-7,0.41697114747890096,0,7.223965369681681e-7,-0.7764723300930473,3.09383344341246e-8,0,0.41697095144358476,3.939789245360854e-7,0.15176518997546248,0,0.00000951436778251491,61.384483337402415,-0.0000037917977628865174,1]},"parentMatrixWorld":{"elements":[-0.4093984620812628,-0.03292514435737259,0.16794780882736926,0,-0.04006402405165219,0.773556307695887,0.053988815520839645,0,-0.16960632002939313,0.019800146338269924,-0.409559638694149,0,3.1672851759398655,104.49712638131068,-16.081421676672193,1]}}},"hiddenMatrix":[1,0,0,0,0,1,0,0,0,0,1,0,0,0,0,1],"interaction":{"uuid":"A78FEF2A-23B3-4415-8094-CA3FEB7321DC"},"geometry":"05A841B7-9C4D-400A-8EF5-843A71268F08","material":"3E5CADF2-9B8C-49C0-AAE5-77A73ED1EBF8"}],"hiddenMatrix":[1,0,0,0,0,1,0,0,0,0,1,0,0,0,0,1],"interaction":{"uuid":"7D9D4268-A286-4FF4-9751-4A17800BC923"},"enableHelper":true},{"uuid":"5645BB48-8B3F-4151-8C8C-427F679AC31D","objectType":"EmptyObject","name":"FireTert","matrix":[-0.17232501133598027,-3.524408419694815e-7,0.03038551855332901,0,0.0000017115748389416593,-0.8357503414136539,1.2986433593284244e-8,0,0.03038550044036098,6.490567974257527e-8,0.17232490861288408,0,0.00000951436778251491,61.384483337402415,-0.0000037917977628865174,1],"layers":1,"userData":{"transformData":{"eulerOrder":"ZYX","translation":[0.00000951436778251491,61.384483337402386,-0.000003791797766439231],"rotation":[9.040334426920571e-7,-9.999990198422713,-179.99988281809695],"scale":[0.1749833971261978,0.8357503414154063,0.17498329281806943],"parentMatrix":{"elements":[-0.0436192141824292,0.0673099472823698,-0.9967781775053826,0,0.051597410649319476,-0.996244464582202,-0.0695318200797769,0,-0.9977149249000902,-0.05446409630357942,0.039982381687958195,0,0.0000014135596302367048,165.6510772705078,-11.813237190246582,1]},"parentMatrixWorld":{"elements":[-0.0436192141824292,0.0673099472823698,-0.9967781775053826,0,0.051597410649319476,-0.996244464582202,-0.0695318200797769,0,-0.9977149249000902,-0.05446409630357942,0.039982381687958195,0,0.0000014135596302367048,165.6510772705078,-11.813237190246582,1]}}},"children":[{"uuid":"239A0231-3AF2-4A77-A961-239272D1B05C","objectType":"NonParametric","name":"ConeBleu002","matrix":[2.7865897737916215e-7,-8.585720733240614e-8,1.0453890833188357,0,8.966020940153827e-8,1.0000000000358735,8.212940399022523e-8,0,-1.0453878370000502,9.37296694818135e-8,2.786586528204014e-7,0,-0.0000027718299691059656,-33.50916710969585,-12.851387402167028,1],"layers":1,"userData":{"transformData":{"eulerOrder":"ZYX","translation":[-0.000002771829997527675,-33.50916710969585,-12.85138740216702],"rotation":[-0.0000020608191257417536,-89.99998472723271,0],"scale":[1.0453884601593018,1.0000000000358669,1.0453884601592875],"parentMatrix":{"elements":[-0.17232501133598027,-3.524408419694815e-7,0.03038551855332901,0,0.0000017115748389416593,-0.8357503414136539,1.2986433593284244e-8,0,0.03038550044036098,6.490567974257527e-8,0.17232490861288408,0,0.00000951436778251491,61.384483337402415,-0.0000037917977628865174,1]},"parentMatrixWorld":{"elements":[-0.02279942196806614,-0.013253756119943417,0.17298472064451173,0,-0.04312264118053736,0.8326117659047559,0.05810953682956622,0,-0.17325652155790194,-0.007340338647332682,-0.023397647994039216,0,3.1672851759398655,104.49712638131068,-16.081421676672193,1]}}},"hiddenMatrix":[1,0,0,0,0,1,0,0,0,0,1,0,0,0,0,1],"interaction":{"uuid":"3BB68ED0-45BF-482E-B202-CDC7B12A45B0"},"geometry":"3978E72E-0A4B-44A3-A870-87993860901D","material":"0194B6CC-7B0B-432B-8EDB-796028427FD1"},{"uuid":"87530987-41D6-4798-9DE6-0711563C3CA2","objectType":"NonParametric","name":"Cone009","matrix":[2.6614339298869724e-7,-8.200698960229746e-8,1.000000596103322,0,8.952649084802423e-8,1.0000000000358178,8.200691689375511e-8,0,-0.9999994038969485,8.952641565222891e-8,2.661430830185048e-7,0,-0.000002468829336521594,-33.50916725829454,-12.293408784775174,1],"layers":1,"userData":{"transformData":{"eulerOrder":"ZYX","translation":[-0.000002468829336521594,-33.50916725829455,-12.293408784775167],"rotation":[-0.000002057745636237801,-89.9999847511151,0],"scale":[1,1.000000000035811,0.9999999999999866],"parentMatrix":{"elements":[-0.17232501133598027,-3.524408419694815e-7,0.03038551855332901,0,0.0000017115748389416593,-0.8357503414136539,1.2986433593284244e-8,0,0.03038550044036098,6.490567974257527e-8,0.17232490861288408,0,0.00000951436778251491,61.384483337402415,-0.0000037917977628865174,1]},"parentMatrixWorld":{"elements":[-0.02279942196806614,-0.013253756119943417,0.17298472064451173,0,-0.04312264118053736,0.8326117659047559,0.05810953682956622,0,-0.17325652155790194,-0.007340338647332682,-0.023397647994039216,0,3.1672851759398655,104.49712638131068,-16.081421676672193,1]}}},"hiddenMatrix":[1,0,0,0,0,1,0,0,0,0,1,0,0,0,0,1],"interaction":{"uuid":"46DF6D10-E41A-4FC0-8B5E-14F67825958A"},"geometry":"CA96D359-FDEA-4A3A-B1B6-F27BB4B8671B","material":"6A809BF7-B47E-4FDD-9CD4-A904B7A52B02"},{"uuid":"DF1F97A1-C7A5-4C13-92BD-965BE8AC6B3C","objectType":"NonParametric","name":"Cone010","matrix":[1.420999687476886e-7,-4.378857072616365e-8,0.5347617476060724,0,8.939256248750016e-8,1.0000000000357616,8.188423764615586e-8,0,-0.534761110060088,4.7803654309487434e-8,1.4209980325374816e-7,0,6.369729703692428e-7,-72.51926628511569,-6.574039040594116,1],"layers":1,"userData":{"transformData":{"eulerOrder":"ZYX","translation":[6.369729419475334e-7,-72.51926628511572,-6.5740390405941085],"rotation":[-0.0000020546673254189416,-89.99998477503492,0],"scale":[0.534761428833008,1.0000000000357547,0.5347614288330004],"parentMatrix":{"elements":[-0.17232501133598027,-3.524408419694815e-7,0.03038551855332901,0,0.0000017115748389416593,-0.8357503414136539,1.2986433593284244e-8,0,0.03038550044036098,6.490567974257527e-8,0.17232490861288408,0,0.00000951436778251491,61.384483337402415,-0.0000037917977628865174,1]},"parentMatrixWorld":{"elements":[-0.02279942196806614,-0.013253756119943417,0.17298472064451173,0,-0.04312264118053736,0.8326117659047559,0.05810953682956622,0,-0.17325652155790194,-0.007340338647332682,-0.023397647994039216,0,3.1672851759398655,104.49712638131068,-16.081421676672193,1]}}},"hiddenMatrix":[1,0,0,0,0,1,0,0,0,0,1,0,0,0,0,1],"interaction":{"uuid":"CFABF48F-7A27-4C0E-B775-EE1AF500146F"},"geometry":"EAC4AD15-DBB2-4060-BDCF-5CEA894E97CF","material":"E8935C13-33E6-40D5-B4B5-BF5C5FC813A6"},{"uuid":"B8EBD31E-9430-4011-8DA9-BEE8378F2462","objectType":"NonParametric","name":"Cone011","matrix":[1.1920627425194457e-7,-3.673380377322237e-8,0.44860640087660486,0,8.939256242471923e-8,1.0000000000357616,8.188423760026957e-8,0,-0.4486058660455133,4.010201812203086e-8,1.1920613542069632e-7,0,0.0000012121215036131616,-79.74335714335406,-5.514896441098244,1],"layers":1,"userData":{"transformData":{"eulerOrder":"ZYX","translation":[0.0000012121215036131616,-79.74335714335409,-5.514896441098237],"rotation":[-0.0000020546673234738613,-89.99998477503493,0],"scale":[0.4486061334609984,1.0000000000357547,0.4486061334609924],"parentMatrix":{"elements":[-0.17232501133598027,-3.524408419694815e-7,0.03038551855332901,0,0.0000017115748389416593,-0.8357503414136539,1.2986433593284244e-8,0,0.03038550044036098,6.490567974257527e-8,0.17232490861288408,0,0.00000951436778251491,61.384483337402415,-0.0000037917977628865174,1]},"parentMatrixWorld":{"elements":[-0.02279942196806614,-0.013253756119943417,0.17298472064451173,0,-0.04312264118053736,0.8326117659047559,0.05810953682956622,0,-0.17325652155790194,-0.007340338647332682,-0.023397647994039216,0,3.1672851759398655,104.49712638131068,-16.081421676672193,1]}}},"hiddenMatrix":[1,0,0,0,0,1,0,0,0,0,1,0,0,0,0,1],"interaction":{"uuid":"D706C1E6-B58D-4E5F-92DC-F4F04EF73108"},"geometry":"9E174AEA-9ACB-44E8-B9C0-B85E7049B90E","material":"BC32564A-D033-45DD-90ED-D17FCF4C52CA"},{"uuid":"3CA044EF-E050-41B7-BE90-3007F82CFFCC","objectType":"NonParametric","name":"Cone012","matrix":[2.6614339298869724e-7,-8.200698936637492e-8,1.000000596103322,0,8.952649058434625e-8,1.0000000000358178,8.200691665783279e-8,0,-0.9999994038969484,8.952641538855113e-8,2.6614308301850474e-7,0,-0.000002468829336521594,-33.50916725829454,-12.293408784775174,1],"layers":1,"userData":{"transformData":{"eulerOrder":"ZYX","translation":[-0.000002468829336521594,-33.50916725829455,-12.293408784775167],"rotation":[-0.0000020577456309700077,-89.9999847511151,0],"scale":[1,1.000000000035811,0.9999999999999865],"parentMatrix":{"elements":[-0.17232501133598027,-3.524408419694815e-7,0.03038551855332901,0,0.0000017115748389416593,-0.8357503414136539,1.2986433593284244e-8,0,0.03038550044036098,6.490567974257527e-8,0.17232490861288408,0,0.00000951436778251491,61.384483337402415,-0.0000037917977628865174,1]},"parentMatrixWorld":{"elements":[-0.02279942196806614,-0.013253756119943417,0.17298472064451173,0,-0.04312264118053736,0.8326117659047559,0.05810953682956622,0,-0.17325652155790194,-0.007340338647332682,-0.023397647994039216,0,3.1672851759398655,104.49712638131068,-16.081421676672193,1]}}},"hiddenMatrix":[1,0,0,0,0,1,0,0,0,0,1,0,0,0,0,1],"interaction":{"uuid":"36604DD0-538B-4EB6-99F4-6F0AAE03756B"},"geometry":"F9FE9A2C-959B-45E9-B3B8-CDFF1EBB3D99","material":"C8684FF0-3CF4-4C6F-9734-6C93A015ED2C"}],"hiddenMatrix":[1,0,0,0,0,1,0,0,0,0,1,0,0,0,0,1],"interaction":{"uuid":"226B07F3-0CDF-4868-9849-EB37614120EE"},"enableHelper":true}],"hiddenMatrix":[1,0,0,0,0,1,0,0,0,0,1,0,0,0,0,1],"interaction":{"uuid":"31E2E9CA-BC6A-4F3A-9195-FC38EB1355F4"},"enableHelper":true},{"uuid":"2CD2B054-3491-4C43-A598-7845894547C3","objectType":"NonParametric","name":"droid","matrix":[1,0,0,0,0,2.220446049250313e-16,-1,0,0,1,2.220446049250313e-16,0,0,0,1.1182056169900534e-7,1],"layers":1,"userData":{"transformData":{"eulerOrder":"ZYX","translation":[0,0,1.1182056169900534e-7],"rotation":[-89.99999999999999,0,0],"parentMatrix":{"elements":[1,0,0,0,0,1,0,0,0,0,1,0,0,0,0,1]},"parentMatrixWorld":{"elements":[1,0,0,0,0,1,0,0,0,0,1,0,0,0,0,1]}}},"hiddenMatrix":[1,0,0,0,0,1,0,0,0,0,1,0,0